-86.93262	20.484657	0.0	9.047514
-86.92449	20.481363	0.92210263	8.441419
-86.91637	20.478071	1.8442053	7.268732
-86.90824	20.474777	2.7663078	8.514223
-86.90012	20.471483	3.6884105	9.665671
-86.892	20.46819	4.610513	9.978721
-86.88387	20.464895	5.5326157	9.941273
-86.875755	20.4616	6.454718	9.935855
-86.86763	20.458305	7.3768206	10.872314
-86.859505	20.45501	8.2989235	12.350946
-86.85139	20.451714	9.221026	15.295781
-86.84326	20.448418	10.143129	10.00394
-86.835144	20.44512	11.065232	4.912695
-86.82703	20.441822	11.987335	5.003442
-86.8189	20.438524	12.909438	-6.30888
-86.81078	20.435226	13.831541	-27.86212
-86.802666	20.431929	14.753644	-30.527956
-86.79455	20.42863	15.675747	-118.872574
-86.78643	20.425331	16.597849	-312.18015
-86.778305	20.422031	17.51995	-511.5585
-86.77019	20.418732	18.442053	-625.3202
-86.76207	20.415432	19.364155	-689.135
-86.75395	20.41213	20.286257	-746.23474
-86.74584	20.40883	21.208359	-786.67474
-86.737724	20.405529	22.13046	-832.52545
-86.72961	20.402227	23.052563	-901.6243
-86.72149	20.398926	23.974665	-998.4234
-86.71337	20.395622	24.896767	-1102.443
-86.70526	20.39232	25.818869	-1172.291
-86.69714	20.389017	26.74097	-1222.5784
-86.689026	20.385714	27.663073	-1260.8895
-86.680916	20.38241	28.585175	-1268.2787
-86.6728	20.379105	29.507277	-1263.8158
-86.66469	20.3758	30.429379	-1259.7415
-86.65658	20.372496	31.35148	-1255.971
-86.64846	20.36919	32.273582	-1250.437
-86.64035	20.365883	33.195686	-1242.1699
-86.63224	20.362577	34.11779	-1233.8025
-86.62412	20.35927	35.039894	-1227.4119
-86.61601	20.355965	35.961998	-1224.4407
-86.6079	20.352657	36.8841	-1224.6958
-86.59979	20.34935	37.806206	-1235.6445
-86.59168	20.34604	38.72831	-1244.8844
-86.58357	20.342733	39.650414	-1252.4159
-86.57546	20.339424	40.572517	-1259.0657
-86.56735	20.336115	41.49462	-1261.9524
-86.55924	20.332806	42.416725	-1255.5795
-86.55113	20.329494	43.33883	-1245.0125
-86.54303	20.326185	44.260933	-1234.6803
-86.53492	20.322874	45.183037	-1224.5944
-86.52681	20.319563	46.10514	-1210.6168
-86.51871	20.316252	47.027245	-1194.4734
-86.5106	20.31294	47.94935	-1181.1321
-86.502495	20.309628	48.871452	-1167.7528
-86.494385	20.306314	49.793556	-1144.3954
-86.48628	20.303001	50.71566	-1111.8387
-86.47817	20.299688	51.637764	-1084.0533
-86.47007	20.296375	52.559868	-1073.7114
-86.46196	20.29306	53.48197	-1085.9965
-86.45386	20.289747	54.404076	-1111.8892
-86.445755	20.286432	55.32618	-1144.5756
-86.43765	20.283117	56.248283	-1175.4114
-86.42955	20.2798	57.170387	-1190.8695
-86.42145	20.276485	58.09249	-1199.611
-86.413345	20.273169	59.014595	-1208.4469
-86.40524	20.269852	59.9367	-1214.7101
-86.39714	20.266535	60.858803	-1212.9597
-86.38904	20.263218	61.780907	-1207.3235
-86.380936	20.2599	62.70301	-1202.0046
-86.37283	20.256582	63.625114	-1170.819
-86.36473	20.253263	64.54722	-1122.871
-86.356636	20.249945	65.46932	-1053.2023
-86.34853	20.246626	66.391426	-931.8343
-86.34043	20.243305	67.31353	-737.6228
-86.33234	20.239986	68.235634	-528.3863
-86.324234	20.236666	69.15774	-370.48242
-86.31614	20.233345	70.07984	-374.43558
-86.30804	20.230022	71.001945	-529.4422
-86.29994	20.226702	71.92405	-761.3534
-86.29184	20.22338	72.84615	-1020.38934
-86.283745	20.220058	73.76826	-1258.4825
-86.27565	20.216736	74.69036	-1414.1166
-86.267555	20.213411	75.612465	-1534.7864
-86.25945	20.210089	76.53457	-1652.4142
-86.25136	20.206764	77.45667	-1766.4552
-86.24326	20.203442	78.37878	-1868.694
-86.23517	20.200117	79.30088	-1959.7968
-86.22707	20.196793	80.222984	-2045.6682
-86.21898	20.193466	81.14509	-2126.0962
-86.210884	20.190142	82.06719	-2197.3516
-86.20279	20.186815	82.989296	-2264.62
-86.1947	20.183489	83.9114	-2334.2192
-86.18661	20.180162	84.8335	-2410.2046
-86.17851	20.176834	85.75561	-2493.9854
-86.17042	20.173508	86.67771	-2583.0225
-86.16233	20.17018	87.599815	-2669.3545
-86.154236	20.166851	88.52192	-2749.1172
-86.14615	20.163523	89.44402	-2822.0413
-86.138054	20.160194	90.36613	-2879.4626
-86.12997	20.156864	91.28823	-2927.497
-86.12187	20.153536	92.210335	-2972.9807
-86.113785	20.150206	93.13244	-3010.0474
-86.1057	20.146875	94.05454	-3043.463
-86.0976	20.143543	94.97665	-3113.1235
-86.089516	20.140213	95.89875	-3266.3145
-86.08143	20.13688	96.820854	-3423.8137
-86.07334	20.133549	97.74296	-3540.8572
-86.065254	20.130217	98.66506	-3711.7026
-86.05717	20.126884	99.587166	-3913.2751
-86.04908	20.123552	100.50927	-4119.709
-86.04099	20.120218	101.43137	-4314.803
-86.032906	20.116884	102.35348	-4464.9204
-86.02482	20.11355	103.27558	-4517.7427
-86.01673	20.110216	104.197685	-4535.9146
-86.008644	20.106882	105.11979	-4555.2896
-86.000565	20.103546	106.04189	-4567.2656
-85.99248	20.10021	106.964	-4565.668
-85.98439	20.096874	107.8861	-4564.209
-85.97631	20.093538	108.808205	-4562.4385
-85.96822	20.090202	109.73031	-4560.438
-85.960144	20.086864	110.65241	-4556.7046
-85.95206	20.083527	111.57452	-4554.569
-85.94398	20.08019	112.49662	-4553.861
-85.93589	20.07685	113.418724	-4554.4316
-85.92781	20.073513	114.34083	-4556.6025
-85.91973	20.070175	115.26293	-4558.118
-85.911644	20.066835	116.185036	-4557.178
-85.903564	20.063496	117.10714	-4555.4355
-85.895485	20.060156	118.02924	-4551.871
-85.887405	20.056816	118.95135	-4550.6377
-85.879326	20.053474	119.87345	-4549.0806
-85.87125	20.050133	120.795555	-4550.1675
-85.86317	20.046791	121.71766	-4552.468
-85.85509	20.04345	122.63976	-4556.731
-85.84701	20.040108	123.56187	-4561.989
-85.83893	20.036766	124.48397	-4564.8364
-85.83086	20.033422	125.406075	-4565.353
-85.82278	20.030079	126.32818	-4566.504
-85.8147	20.026735	127.25028	-4567.5444
-85.80662	20.023392	128.17238	-4566.557
-85.798546	20.020048	129.09448	-4565.061
-85.79047	20.016703	130.01659	-4563.898
-85.782394	20.013357	130.93869	-4564.946
-85.774315	20.010012	131.8608	-4563.3433
-85.76624	20.006666	132.7829	-4561.37
-85.75817	20.00332	133.705	-4558.099
-85.75009	19.999973	134.6271	-4553.4062
-85.74202	19.996626	135.54921	-4547.4224
-85.73395	19.993279	136.47131	-4540.295
-85.72587	19.989931	137.39342	-4531.524
-85.7178	19.986584	138.31552	-4522.094
-85.709724	19.983236	139.23763	-4513.4053
-85.70165	19.979887	140.15973	-4505.529
-85.69358	19.976538	141.08183	-4494.8647
-85.68551	19.973188	142.00394	-4482.126
-85.67744	19.96984	142.92604	-4474.482
-85.669365	19.966488	143.84814	-4469.7954
-85.66129	19.963137	144.77025	-4462.884
-85.65323	19.959787	145.69235	-4456.7695
-85.64516	19.956434	146.61446	-4458.214
-85.637085	19.953083	147.53656	-4466.3877
-85.62902	19.949732	148.45866	-4478.6055
-85.62095	19.946379	149.38077	-4495.5073
-85.61288	19.943026	150.30287	-4513.0127
-85.60481	19.939672	151.22498	-4531.0327
-85.59674	19.93632	152.14708	-4550.5967
-85.58868	19.932966	153.06918	-4566.87
-85.58061	19.929611	153.99129	-4582.7354
-85.57254	19.926256	154.91339	-4597.2554
-85.564476	19.922903	155.8355	-4606.1743
-85.55641	19.919546	156.7576	-4604.9297
-85.54834	19.916191	157.6797	-4601.406
-85.540276	19.912836	158.6018	-4597.4673
-85.53221	19.90948	159.52391	-4590.442
-85.52415	19.906122	160.44601	-4581.3237
-85.51608	19.902765	161.36812	-4574.5586
-85.50802	19.899406	162.29022	-4569.6714
-85.499954	19.89605	163.21233	-4566.176
-85.49189	19.89269	164.13443	-4563.8247
-85.483826	19.889332	165.05653	-4562.453
-85.47577	19.885973	165.97864	-4561.1816
-85.467705	19.882614	166.90074	-4560.779
-85.45964	19.879255	167.82285	-4560.773
-85.45158	19.875895	168.74495	-4560.6978
-85.44352	19.872534	169.66705	-4561.0337
-85.435455	19.869173	170.58916	-4561.714
-85.4274	19.865812	171.51126	-4564.1426
-85.419334	19.862452	172.43336	-4569.791
-85.41128	19.859089	173.35547	-4574.3696
-85.40321	19.855726	174.27757	-4579.7153
-85.39516	19.852364	175.19968	-4587.196
-85.3871	19.849	176.12178	-4595.497
-85.379036	19.845638	177.04388	-4603.8647
-85.37098	19.842274	177.96599	-4614.1006
-85.36292	19.838911	178.88809	-4624.209
-85.354866	19.835546	179.8102	-4634.073
-85.34681	19.832182	180.7323	-4643.808
-85.33875	19.828815	181.6544	-4652.208
-85.330696	19.82545	182.5765	-4659.7827
-85.32264	19.822084	183.49861	-4667.3325
-85.31458	19.818718	184.42072	-4674.325
-85.306526	19.815351	185.34282	-4679.898
-85.29847	19.811985	186.26492	-4684.037
-85.29041	19.808619	187.18703	-4688.479
-85.282364	19.80525	188.10913	-4691.7495
-85.27431	19.801882	189.03123	-4693.811
-85.26625	19.798513	189.95334	-4694.876
-85.2582	19.795145	190.87544	-4696.647
-85.250145	19.791777	191.79755	-4697.9727
-85.242096	19.788406	192.71965	-4696.732
-85.23404	19.785038	193.64175	-4693.9424
-85.22599	19.781668	194.56386	-4691.223
-85.21793	19.778297	195.48596	-4687.916
-85.209885	19.774925	196.40807	-4680.6255
-85.201836	19.771555	197.33017	-4671.067
-85.19379	19.768183	198.25227	-4662.2144
-85.18573	19.76481	199.17438	-4651.8804
-85.17768	19.761438	200.09648	-4638.419
-85.16963	19.758066	201.01859	-4622.992
-85.16158	19.754692	201.94069	-4608.3496
-85.153534	19.75132	202.8628	-4594.7495
-85.145485	19.747946	203.7849	-4580.567
-85.137436	19.744572	204.707	-4567.44
-85.12939	19.741198	205.6291	-4556.8643
-85.12134	19.737822	206.55121	-4550.5015
-85.1133	19.734447	207.47331	-4547.2266
-85.10525	19.731071	208.39542	-4544.708
-85.0972	19.727695	209.31752	-4545.5483
-85.08915	19.72432	210.23962	-4548.8955
-85.08111	19.720943	211.16173	-4552.2944
-85.07306	19.717566	212.08383	-4555.832
-85.06502	19.714188	213.00594	-4559.635
-85.05697	19.710812	213.92804	-4563.2974
-85.04893	19.707432	214.85014	-4565.8994
-85.04088	19.704054	215.77225	-4567.8823
-85.03284	19.700676	216.69435	-4569.55
-85.024796	19.697296	217.61646	-4571.8228
-85.01675	19.693916	218.53856	-4573.4233
-85.008705	19.690536	219.46066	-4574.184
-85.00066	19.687157	220.38277	-4574.054
-84.99262	19.683777	221.30487	-4573.3027
-84.98458	19.680395	222.22697	-4572.377
-84.97654	19.677013	223.14908	-4570.416
-84.9685	19.673632	224.07118	-4569.664
-84.96046	19.67025	224.99329	-4569.745
-84.952415	19.666868	225.91539	-4569.648
-84.944374	19.663485	226.8375	-4569.9863
-84.93633	19.660103	227.7596	-4569.8247
-84.9283	19.65672	228.6817	-4570.3975
-84.92026	19.653336	229.6038	-4569.6597
-84.91222	19.64995	230.52591	-4570.033
-84.904175	19.646566	231.44801	-4570.7173
-84.89614	19.64318	232.37012	-4571.0264
-84.8881	19.639797	233.29222	-4570.2695
-84.880066	19.636412	234.21432	-4570.1855
-84.872025	19.633024	235.13643	-4570.997
-84.86399	19.629639	236.05853	-4571.8833
-84.85596	19.626251	236.98064	-4573.3706
-84.847916	19.622866	237.90274	-4575.494
-84.83988	19.619478	238.82484	-4578.264
-84.83185	19.616089	239.74695	-4581.0117
-84.823814	19.612701	240.66905	-4583.6597
-84.81577	19.609314	241.59116	-4585.664
-84.80774	19.605925	242.51326	-4586.962
-84.799706	19.602535	243.43536	-4588.2134
-84.79167	19.599146	244.35747	-4588.4233
-84.78364	19.595757	245.27957	-4588.118
-84.775604	19.592365	246.20168	-4586.941
-84.76757	19.588976	247.12378	-4585.0957
-84.759544	19.585585	248.04588	-4583.265
-84.75151	19.582193	248.96799	-4581.41
-84.74348	19.578802	249.89009	-4579.5503
-84.73544	19.575409	250.8122	-4577.6953
-84.72742	19.572018	251.7343	-4578.605
-84.71938	19.568624	252.6564	-4580.721
-84.71135	19.565231	253.5785	-4577.8857
-84.70332	19.561838	254.50061	-4572.325
-84.69529	19.558445	255.42271	-4569.623
-84.68726	19.55505	256.34482	-4567.964
-84.67924	19.551655	257.2669	-4564.997
-84.6712	19.548262	258.189	-4563.2485
-84.66318	19.544865	259.11108	-4563.9795
-84.65515	19.54147	260.03317	-4564.9814
-84.64712	19.538074	260.95526	-4564.486
-84.63909	19.534678	261.87735	-4563.424
-84.631065	19.53128	262.79944	-4560.9146
-84.62304	19.527884	263.72153	-4557.6016
-84.61501	19.524487	264.64362	-4551.926
-84.60699	19.52109	265.5657	-4542.657
-84.59896	19.51769	266.4878	-4534.7256
-84.590935	19.514294	267.40988	-4532.5938
-84.58291	19.510895	268.33197	-4531.846
-84.57489	19.507496	269.25406	-4528.4575
-84.566864	19.504095	270.17615	-4527.0713
-84.55884	19.500696	271.09824	-4535.1206
-84.55081	19.497295	272.02032	-4546.161
-84.54279	19.493895	272.9424	-4555.8457
-84.53477	19.490494	273.8645	-4565.9805
-84.52675	19.487093	274.7866	-4572.8574
-84.51872	19.483692	275.70868	-4573.8135
-84.510704	19.48029	276.63077	-4575.5796
-84.50268	19.476887	277.55286	-4581.4966
-84.49466	19.473486	278.47495	-4585.926
-84.48663	19.470081	279.39703	-4585.907
-84.478615	19.466679	280.31912	-4584.0156
-84.4706	19.463276	281.2412	-4581.4067
-84.46258	19.459871	282.1633	-4573.89
-84.45455	19.456467	283.0854	-4563.6084
-84.44653	19.453062	284.00748	-4553.117
-84.438515	19.449657	284.92957	-4540.893
-84.4305	19.44625	285.85165	-4530.2944
-84.42248	19.442846	286.77374	-4522.162
-84.41446	19.43944	287.69583	-4515.8794
-84.40644	19.436033	288.61792	-4511.164
-84.39843	19.432627	289.54	-4510.621
-84.39041	19.429218	290.4621	-4517.2656
-84.38239	19.425812	291.3842	-4527.66
-84.374374	19.422403	292.30627	-4538.5327
-84.36636	19.418995	293.22836	-4550.6763
-84.358345	19.415586	294.15045	-4561.765
-84.35033	19.412178	295.07254	-4569.991
-84.342316	19.408768	295.99463	-4576.302
-84.3343	19.40536	296.91672	-4583.192
-84.32629	19.401949	297.8388	-4590.6426
-84.318275	19.398539	298.7609	-4596.599
-84.31026	19.395128	299.68298	-4599.9077
-84.302246	19.391716	300.60507	-4597.9517
-84.294235	19.388306	301.52716	-4593.999
-84.28622	19.384893	302.44925	-4589.0273
-84.278206	19.381481	303.37134	-4580.1323
-84.270195	19.378069	304.29343	-4575.7236
-84.262184	19.374657	305.2155	-4571.7153
-84.25417	19.371243	306.1376	-4573.4277
-84.24616	19.36783	307.0597	-4588.8257
-84.23815	19.364416	307.98178	-4612.719
-84.23014	19.361002	308.90387	-4639.7305
-84.22213	19.357586	309.82596	-4667.893
-84.21412	19.354172	310.74805	-4695.524
-84.20611	19.350756	311.67014	-4717.3853
-84.198105	19.347342	312.59222	-4732.236
-84.190094	19.343925	313.5143	-4742.8613
-84.18208	19.34051	314.4364	-4743.1724
-84.17408	19.337091	315.3585	-4724.0654
-84.16607	19.333675	316.28058	-4696.404
-84.158066	19.330257	317.20267	-4666.344
-84.150055	19.32684	318.12476	-4624.257
-84.14205	19.323421	319.04684	-4572.523
-84.13404	19.320004	319.96893	-4515.0034
-84.12604	19.316586	320.89102	-4456.4785
-84.118034	19.313166	321.8131	-4397.756
-84.11002	19.309746	322.7352	-4341.5947
-84.10202	19.306326	323.6573	-4279.181
-84.09402	19.302906	324.57938	-4198.2188
-84.08601	19.299486	325.50146	-4113.4575
-84.07801	19.296064	326.42355	-4016.0066
-84.07001	19.292645	327.34564	-3937.9126
-84.062004	19.289223	328.26773	-3866.1172
-84.054	19.2858	329.18982	-3794.049
-84.046	19.282377	330.1119	-3720.6577
-84.037994	19.278955	331.034	-3647.073
-84.02999	19.275532	331.9561	-3574.5703
-84.02199	19.272108	332.87817	-3503.0083
-84.01399	19.268686	333.80026	-3429.0095
-84.00599	19.26526	334.72235	-3345.7039
-83.997986	19.261837	335.64444	-3250.069
-83.98999	19.258413	336.56653	-3187.4375
-83.98199	19.254988	337.48862	-3127.8284
-83.97399	19.251562	338.4107	-3070.4595
-83.96599	19.248137	339.3328	-3086.112
-83.95799	19.24471	340.25488	-3108.4617
-83.94999	19.241283	341.17697	-3006.4893
-83.94199	19.237858	342.09906	-2867.393
-83.934	19.23443	343.02115	-2727.223
-83.925995	19.231003	343.94324	-2641.6992
-83.918	19.227575	344.86533	-2607.2476
-83.91	19.224146	345.7874	-2577.8765
-83.90201	19.220718	346.7095	-2568.7788
-83.89401	19.217289	347.6316	-2565.6204
-83.88602	19.21386	348.55368	-2552.8013
-83.87802	19.21043	349.47577	-2536.2202
-83.870026	19.207	350.39786	-2521.7222
-83.86203	19.20357	351.31995	-2505.7092
-83.854034	19.20014	352.24203	-2490.2622
-83.84604	19.196709	353.16412	-2484.896
-83.83804	19.193277	354.0862	-2487.4805
-83.830055	19.189846	355.0083	-2491.2703
-83.82206	19.186413	355.9304	-2495.6384
-83.814064	19.182981	356.85248	-2499.896
-83.806076	19.179548	357.77457	-2500.4578
-83.79808	19.176115	358.69666	-2497.0764
-83.79009	19.172682	359.61874	-2490.2053
-83.7821	19.169249	360.54083	-2491.2708
-83.77411	19.165815	361.46292	-2509.8562
-83.76611	19.16238	362.385	-2538.745
-83.758125	19.158945	363.3071	-2556.3513
-83.75014	19.15551	364.2292	-2587.4968
-83.74214	19.152075	365.15128	-2657.0515
-83.73415	19.14864	366.07336	-2730.646
-83.726166	19.145203	366.99545	-2794.1362
-83.71818	19.141768	367.91754	-2848.7102
-83.71019	19.13833	368.83963	-2900.3916
-83.7022	19.134893	369.76172	-2949.4287
-83.694214	19.131454	370.6838	-2998.296
-83.686226	19.128017	371.6059	-3046.1113
-83.67824	19.124578	372.52798	-3075.4268
-83.67025	19.121141	373.45007	-3066.1182
-83.66226	19.117702	374.37216	-3048.314
-83.65428	19.114262	375.29425	-3037.6973
-83.64629	19.110823	376.21634	-3016.935
-83.638306	19.107384	377.13843	-2980.8162
-83.630325	19.103943	378.06052	-2936.014
-83.62234	19.100502	378.9826	-2892.1
-83.61435	19.097061	379.9047	-2851.114
-83.60637	19.09362	380.82678	-2815.1501
-83.59838	19.090178	381.74887	-2786.642
-83.5904	19.086737	382.67096	-2772.5066
-83.58242	19.083294	383.59305	-2769.0059
-83.57443	19.079851	384.51514	-2768.517
-83.56645	19.076408	385.43723	-2777.5215
-83.55847	19.072966	386.3593	-2793.5498
-83.55048	19.06952	387.2814	-2818.644
-83.5425	19.066076	388.2035	-2845.7478
-83.53452	19.062634	389.12558	-2886.323
-83.52654	19.059189	390.04767	-2895.6172
-83.51856	19.055742	390.96976	-2917.9814
-83.51058	19.052298	391.89185	-2926.7388
-83.5026	19.048851	392.81393	-2967.6824
-83.49462	19.045406	393.73602	-2875.2007
-83.48664	19.04196	394.6581	-2781.3594
-83.47867	19.038513	395.5802	-2860.0251
-83.47069	19.035065	396.5023	-2870.196
-83.46271	19.031618	397.42438	-2860.9155
-83.45473	19.02817	398.34647	-2849.738
-83.446754	19.024721	399.26855	-2797.7253
-83.438774	19.021273	400.19064	-2739.0923
-83.4308	19.017824	401.11273	-2789.67
-83.42282	19.014376	402.03482	-2902.6504
-83.41485	19.010925	402.9569	-2944.8848
-83.40687	19.007477	403.879	-2940.073
-83.398895	19.004026	404.8011	-2729.8274
-83.390915	19.000576	405.72318	-2763.0981
-83.38294	18.997124	406.64526	-2696.7458
-83.37497	18.993673	407.56735	-2616.499
-83.367	18.990221	408.48944	-2530.5757
-83.35902	18.986769	409.41153	-2442.4136
-83.35104	18.983318	410.33362	-2348.743
-83.34307	18.979864	411.2557	-2254.6653
-83.3351	18.976412	412.1778	-2167.2532
-83.327126	18.97296	413.09988	-2081.4758
-83.31915	18.969505	414.02197	-2000.88
-83.31118	18.966051	414.94406	-1931.7394
-83.303215	18.962597	415.86615	-1876.0925
-83.29524	18.959143	416.78824	-1826.7283
-83.28727	18.955687	417.71033	-1783.5911
-83.2793	18.952232	418.63242	-1758.7595
-83.27133	18.948776	419.5545	-1742.89
-83.26336	18.94532	420.4766	-1733.0981
-83.25539	18.941864	421.39868	-1728.1864
-83.24742	18.938408	422.32077	-1723.5953
-83.23945	18.93495	423.24286	-1711.3862
-83.23148	18.931492	424.16495	-1701.394
-83.22351	18.928036	425.08704	-1704.4995
-83.215546	18.924578	426.00912	-1716.9022
-83.20758	18.921118	426.9312	-1751.6967
-83.19961	18.91766	427.8533	-1804.3146
-83.19164	18.9142	428.7754	-1873.318
-83.18368	18.910742	429.69748	-1972.0233
-83.17571	18.907282	430.61957	-2027.5537
-83.16774	18.903822	431.54166	-2095.8186
-83.159775	18.90036	432.46375	-2194.438
-83.15181	18.8969	433.38583	-2304.1301
-83.143845	18.893438	434.30792	-2440.9297
-83.13588	18.889978	435.23	-2563.3142
-83.12792	18.886517	436.1521	-2687.787
-83.11996	18.883055	437.0742	-2702.801
-83.11199	18.879591	437.99628	-2699.8777
-83.10403	18.87613	438.91837	-2683.0632
-83.09606	18.872665	439.84045	-2613.0225
-83.088104	18.869202	440.76254	-2482.697
-83.08014	18.865738	441.68463	-2336.655
-83.072174	18.862274	442.60672	-2182.619
-83.06422	18.85881	443.5288	-2021.9241
-83.05625	18.855345	444.4509	-1881.3646
-83.048294	18.85188	445.373	-1753.7552
-83.04033	18.848413	446.29507	-1621.1791
-83.03237	18.844948	447.21716	-1530.181
-83.024414	18.841482	448.13925	-1488.2207
-83.01645	18.838015	449.06134	-1455.295
-83.00849	18.834549	449.98343	-1452.3499
-83.000534	18.831081	450.90552	-1458.9829
-82.99258	18.827614	451.8276	-1541.8298
-82.98461	18.824146	452.7497	-1708.2037
-82.976654	18.820679	453.67178	-1894.7964
-82.9687	18.81721	454.59387	-2108.5378
-82.96074	18.81374	455.51596	-2352.9958
-82.95278	18.81027	456.43805	-2593.6006
-82.944824	18.8068	457.36014	-2797.139
-82.936874	18.803331	458.28223	-2980.1677
-82.92892	18.799862	459.2043	-3107.2327
-82.92096	18.79639	460.1264	-3157.9724
-82.913	18.79292	461.0485	-3187.7512
-82.905045	18.789448	461.97058	-3191.7568
-82.897095	18.785976	462.89267	-3183.8328
-82.88914	18.782505	463.81476	-3223.5295
-82.88119	18.779034	464.73685	-3234.386
-82.87323	18.77556	465.65894	-3242.2393
-82.86528	18.772087	466.58102	-3210.5298
-82.85732	18.768614	467.5031	-3217.4165
-82.84937	18.76514	468.4252	-3246.4224
-82.841415	18.761667	469.3473	-3293.4675
-82.833466	18.758192	470.26938	-3379.614
-82.825516	18.754717	471.19147	-3470.5195
-82.817566	18.751244	472.11356	-3580.3733
-82.80961	18.747768	473.03564	-3660.974
-82.80166	18.744291	473.95773	-3732.5044
-82.79371	18.740816	474.87982	-3819.859
-82.78576	18.737339	475.8019	-3880.7368
-82.77781	18.733864	476.724	-4018.031
-82.76986	18.730387	477.6461	-4182.5103
-82.76191	18.72691	478.56818	-4193.0493
-82.75396	18.72343	479.49026	-4094.9182
-82.74601	18.719954	480.41235	-4086.418
-82.73807	18.716475	481.33444	-4157.64
-82.73012	18.712996	482.25653	-4164.423
-82.72217	18.709517	483.17862	-4161.3013
-82.71422	18.706038	484.1007	-4187.6772
-82.706276	18.702559	485.0228	-4250.737
-82.698326	18.699078	485.9449	-4305.1836
-82.690384	18.695599	486.86697	-4338.2334
-82.682434	18.692118	487.78906	-4401.7188
-82.67449	18.688637	488.71115	-4498.0273
-82.66654	18.685156	489.63324	-4518.4336
-82.6586	18.681673	490.55533	-4541.1626
-82.65066	18.678192	491.47742	-4932.255
-82.64271	18.67471	492.3995	-5346.827
-82.634766	18.671227	493.3216	-5543.1357
